---
  #3713.290000000000,3713.290000000000,7.020000000000,-8.720000000000,-0.112575240000,0.014874430000,-0.000085720000,0.000000100000,-0.027064110000
  H: 5280
  V: 3956
  fx: 3713.29
  fy: 3713.29
  cx: 7.02
  cy: -8.72
  k1: -0.11257524
  k2: 0.01487443
  p1: -0.00008572
  p2: 0.0000001
  k3: -0.02706411
